0.6000 0.0000 0.0000
0.6000 0.0000 0.0000
0.5000 0.0100 0.0000

0.0000 0.0000 0.0000

100.00 0.0000 1.0000

0.0000 0.0000 0.0000

0.4300 0.0010 0.1000
0.4300 0.0010 0.1000

150.00 0.0000 100.00
1.0000 1.0000 0.0000








0.6000 0.02000 0.2500

0.6000 0.02000 0.3000

0.60000 0.02000 0.3000

30.000  0.0200 0.0000

100.000 0.000 1.0000

0.10000 0.0000 0.0000

220.0000 0.20000 800.0000
220.0000 0.20000 800.0000

260.0000 0.20000 050.0000

1.0000 1.0000 0.0000








x y z roll yaw pitch vx vy vz landspeed takeoffspeed 
P I D
20170115
0.65000 0.0200 0.2000

0.65000 0.0200 0.2000

0.50000 0.0100 0.2000

300.0000 0.0000 0.0000

80.0000 0.0000 1.0000

0.10000 0.0000 0.0000

230.0000 0.1000 500.0000
230.0000 0.1000 500.0000

200.0000 0.1000 1.0000

1.0000 1.0000 0.0000
